# hardware impairments
xgb_hw = [[0.466, 0.583, 0.661, 0.75, 0.823], [0.466, 0.592, 0.679, 0.773, 0.834]]
cnn_hw = [[0.61, 0.83, 0.94, 0.99, 0.99], [0.57, 0.79, 0.91, 0.98, 0.99]]
res_hw = [[0.753, 0.98, 1.0, 1.0, 1.0], [0.604, 0.878, 0.977, 0.998, 1.0]]

# CFO impairments
xgb_cfo = [[0.473, 0.592, 0.675, 0.765, 0.837], [0.429, 0.586, 0.665, 0.729, 0.788]]
cnn_cfo = [[0.577, 0.801, 0.927, 0.98, 0.992], [0.592, 0.814, 0.937, 0.986, 0.995]]
res_cfo = [[0.753, 0.983, 1, 1, 1], [0.709, 0.966, 0.999, 1, 1]]

# interfernce conditions
xgb_intf = [[0.447, 0.51, 0.537, 0.564], [0.509, 0.566, 0.584, 0.584], [0.524, 0.591, 0.614, 0.611]]
cnn_intf = [[0.72, 0.76, 0.79, 0.8], [0.75, 0.8, 0.8, 0.81],[0.69, 0.78, 0.8, 0.82]]
res_intf = [[0.86, 0.89, 0.89, 0.89], [0.81, 0.85, 0.86, 0.86], [0.78, 0.86, 0.87, 0.87]]

# cnn generalization on cfo
cfo_1ppm = [0.603, 0.829, 0.941, 0.986, 0.995]
cfo_5ppm = [0.594, 0.828, 0.939, 0.986, 0.994, 0.868]
cfo_1_5ppm = [0.569, 0.801, 0.926, 0.980, 0.991, 0.853]
cfo_5_1ppm = [0.586, 0.814, 0.936, 0.987, 0.995, 0.863]


# CNN transfer learning
norm_lab = [0.61, 0.83, 0.94, 0.99, 0.99]
norm_sdr = [0.57, 0.79, 0.91, 0.98, 0.99]
tl_lab_sdr = [0.561, 0.742, 0.859, 0.926, 0.942]
tl_sdr_lab = [0.551, 0.744, 0.847, 0.907, 0.93]
mismatch_lab_sdr = [0.53, 0.66, 0.73, 0.75, 0.76]
mismatch_sdr_lab = [0.51, 0.55, 0.57, 0.49, 0.42]

# intf tl
norm_bpsk = [0.72, 0.76, 0.79, 0.8]
norm_16qam = [0.75, 0.8, 0.8, 0.81]
norm_ofdm = [0.69, 0.78, 0.8, 0.82]

tl_no_intf_bpsk = [0.623, 0.736, 0.773, 0.781]
tl_no_intf_16qam = [0.705, 0.802, 0.816, 0.823]
tl_no_intf_ofdm = [0.661, 0.757, 0.789, 0.804]

mismatch_no_intf_bpsk = [0.35, 0.54, 0.68, 0.69]
mismatch_no_intf_16qam = [0.37, 0.61, 0.75, 0.77]
mismatch_no_intf_ofdm = [0.38, 0.65, 0.73, 0.75]

# hardware generalization
xgb_hw = [[0.437, 0.575, 0.641, 0.676, 0.692], [0.443, 0.564, 0.619, 0.63, 0.631]]
cnn_hw = [[0.528, 0.659, 0.725, 0.752, 0.76], [0.513, 0.548, 0.568, 0.488, 0.419]]

# CFO generalization
xgb_cfo = [[0.449, 0.541, 0.585, 0.615, 0.585], [0.385, 0.496, 0.544, 0.549, 0.52]]
cnn_cfo = [[0.603, 0.829, 0.941, 0.986, 0.995], [0.594, 0.828, 0.939, 0.986, 0.994]]

# interference generalization
xgb_intf = [[0.297, 0.472, 0.472, 0.47], [0.396, 0.519, 0.552, 0.551], [0.321, 0.468, 0.5, 0.491]]
cnn_intf = [[0.35, 0.54, 0.68, 0.69], [0.37, 0.61, 0.75, 0.77], [0.38, 0.65, 0.73, 0.75]]

# generalization to real world
# f1 scores here
no_intf_gen_rw = [0.071, 0.062, 0.061, 0.049, 0.033]
intf_bpsk_gen_rw = [0.085, 0.061, 0.072, 0.084, 0.12]
intf_16qam_gen_rw = [0.073, 0.064, 0.059, 0.05, 0.028]
intf_ofdm_gen_rw = [0.073, 0.064, 0.059, 0.051, 0.028]

no_intf_tl_rw = [0.319, 0.381, 0.434, 0.433, 0.419]
intf_bpsk_tl_rw = [0.319, 0.371, 0.44, 0.432, 0.397]
intf_16qam_tl_rw = [0.312, 0.373, 0.437, 0.432, 0.376]
intf_ofdm_tl_rw = [0.319, 0.373, 0.429, 0.43, 0.357]